$ 1 0.000005 10.20027730826997 50 5 43 5e-11
R -96 48 -160 48 0 0 40 5 0 0 0.5
s -48 48 48 48 0 1 false
t 48 48 80 48 0 1 -0.0002389465950471785 0.01768945429230263 100 default
r -96 48 -48 48 0 10000
R 80 -80 80 -128 0 0 40 5 0 0 0.5
r 80 -80 80 -32 0 1000
s 80 -32 80 32 0 1 false
g 80 64 80 96 0 0
d 80 32 144 32 2 default
t 720 192 768 192 0 1 -1.85552624996275 0.017928436544292766 100 default
r 768 176 768 128 0 125
g 768 208 768 240 0 0
R 768 128 768 96 0 0 40 5 0 0 0.5
162 768 176 848 176 2 default-led 1 0 0 0.01
g 848 176 848 208 0 0
d 240 32 304 32 2 default
g 240 64 240 96 0 0
s 240 -32 240 32 0 1 false
r 240 -80 240 -32 0 1000
R 240 -80 240 -128 0 0 40 5 0 0 0.5
t 208 48 240 48 0 1 0.5738649751739625 0.5917932270311043 100 default
d 400 32 464 32 2 default
g 400 64 400 96 0 0
s 400 -32 400 32 0 1 false
r 400 -80 400 -32 0 1000
R 400 -80 400 -128 0 0 40 5 0 0 0.5
t 368 48 400 48 0 1 0.5738649751739623 0.591793227031104 100 default
t 528 48 560 48 0 1 0.5738649751739624 0.5917932270311043 100 default
R 560 -80 560 -128 0 0 40 5 0 0 0.5
r 560 -80 560 -32 0 1000
s 560 -32 560 32 0 1 false
g 560 64 560 96 0 0
d 560 32 624 32 2 default
r -112 160 -64 160 0 10000
s -64 160 32 160 0 0 false
R -112 160 -176 160 0 0 40 5 0 0 0.5
r -112 192 -64 192 0 10000
s -64 192 32 192 0 0 false
R -112 192 -176 192 0 0 40 5 0 0 0.5
r -112 224 -64 224 0 10000
s -64 224 32 224 0 0 false
R -112 224 -176 224 0 0 40 5 0 0 0.5
w 32 160 192 160 0
w 208 48 208 160 0
w 192 160 208 160 0
w 32 192 368 192 0
w 368 192 368 48 0
w 528 48 528 224 0
w 528 224 32 224 0
w 144 32 144 288 0
w 304 32 304 288 0
w 144 288 304 288 0
w 304 288 464 288 0
w 464 32 464 288 0
w 464 288 624 288 0
w 624 32 624 288 0
w 720 192 624 288 0
